{"date":"2026-06-05","lookback_days":90,"assets":["BTC","ETH","SOL","XLM","REZ","RSR","NEAR","RENDER","ONDO","ACH","BNB","XRP","ADA","NIGHT","VTHO","LINK","NEO","GAS","SEI","PEAQ","AEVO","EIGEN","W","WOO","JASMY","D2X","SCP"],"matrix":[[1.0,0.7742,0.6009,-0.2079,0.7969,0.8088,0.0635,0.3338,0.4106,0.6501,0.4582,0.6157,0.4639,-0.6877,0.3994,0.8763,0.824,0.4649,0.4557,0.2813,0.8272,0.4104,-0.1945,0.7203,0.6937,0.7673,0.4472],[0.7742,1.0,0.6722,-0.3135,0.4431,0.5871,-0.4051,0.1176,-0.153,0.4453,0.1095,0.7888,0.6325,-0.3365,0.7281,0.703,0.7647,0.8041,0.1512,-0.2845,0.646,0.0072,0.0178,0.8659,0.5671,0.5505,0.216],[0.6009,0.6722,1.0,-0.2844,0.4463,0.7019,-0.311,-0.0013,0.047,0.6537,0.526,0.9207,0.9336,0.0481,0.8195,0.8255,0.7009,0.6024,0.6126,-0.1486,0.7095,0.4146,0.5548,0.776,0.8013,0.4803,-0.0904],[-0.2079,-0.3135,-0.2844,1.0,-0.1525,-0.1192,0.4782,0.2915,0.1506,-0.2593,0.3176,-0.2872,-0.3757,0.0087,-0.3323,-0.2207,-0.2159,-0.4189,0.2129,0.2702,-0.2044,0.2608,-0.1968,-0.2192,-0.1526,-0.0831,0.0513],[0.7969,0.4431,0.4463,-0.1525,1.0,0.7794,0.1598,0.3594,0.673,0.7925,0.3962,0.3344,0.3099,-0.6863,0.192,0.7928,0.7401,0.2602,0.4768,0.3556,0.8277,0.4399,-0.1465,0.5048,0.737,0.6809,0.3913],[0.8088,0.5871,0.7019,-0.1192,0.7794,1.0,-0.0494,0.1305,0.4187,0.8326,0.5462,0.651,0.5815,-0.3927,0.5144,0.8634,0.6986,0.343,0.6166,0.1428,0.9005,0.5023,0.1857,0.7497,0.8484,0.7111,0.365],[0.0635,-0.4051,-0.311,0.4782,0.1598,-0.0494,1.0,0.6353,0.7497,-0.1437,0.448,-0.4435,-0.4802,-0.3955,-0.6562,0.0076,-0.0489,-0.5574,0.3346,0.8432,-0.1051,0.662,-0.4596,-0.3644,-0.1151,0.0016,0.1356],[0.3338,0.1176,-0.0013,0.2915,0.3594,0.1305,0.6353,1.0,0.5916,-0.0368,0.3113,-0.1315,-0.1125,-0.5183,-0.278,0.3215,0.4208,0.0859,0.2163,0.5028,0.1216,0.4282,-0.5012,0.0318,0.0876,0.0251,0.1016],[0.4106,-0.153,0.047,0.1506,0.673,0.4187,0.7497,0.5916,1.0,0.3813,0.5316,-0.1573,-0.1379,-0.5814,-0.3886,0.4563,0.3522,-0.2824,0.4783,0.8075,0.3552,0.6989,-0.3172,-0.0636,0.3538,0.3225,0.2342],[0.6501,0.4453,0.6537,-0.2593,0.7925,0.8326,-0.1437,-0.0368,0.3813,1.0,0.4178,0.5575,0.5985,-0.2715,0.5181,0.7425,0.5578,0.2678,0.5804,0.0567,0.8656,0.4235,0.3473,0.6697,0.8198,0.6348,0.278],[0.4582,0.1095,0.526,0.3176,0.3962,0.5462,0.448,0.3113,0.5316,0.4178,1.0,0.4161,0.3642,-0.1334,0.1767,0.6045,0.3653,-0.1131,0.8242,0.5074,0.4828,0.8075,0.1944,0.2868,0.5255,0.4254,-0.0018],[0.6157,0.7888,0.9207,-0.2872,0.3344,0.651,-0.4435,-0.1315,-0.1573,0.5575,0.4161,1.0,0.8916,0.0348,0.8674,0.7472,0.6499,0.6476,0.4652,-0.2602,0.6776,0.2581,0.481,0.8307,0.7019,0.5595,-0.0324],[0.4639,0.6325,0.9336,-0.3757,0.3099,0.5815,-0.4802,-0.1125,-0.1379,0.5985,0.3642,0.8916,1.0,0.2174,0.8618,0.7025,0.5813,0.6783,0.4961,-0.3307,0.6246,0.2201,0.6612,0.7457,0.6993,0.3644,-0.1824],[-0.6877,-0.3365,0.0481,0.0087,-0.6863,-0.3927,-0.3955,-0.5183,-0.5814,-0.2715,-0.1334,0.0348,0.2174,1.0,0.2433,-0.4208,-0.514,-0.0695,-0.041,-0.5597,-0.4351,-0.2239,0.7361,-0.1744,-0.2099,-0.518,-0.6206],[0.3994,0.7281,0.8195,-0.3323,0.192,0.5144,-0.6562,-0.278,-0.3886,0.5181,0.1767,0.8674,0.8618,0.2433,1.0,0.5482,0.4822,0.706,0.3115,-0.5894,0.5802,-0.002,0.6345,0.8393,0.6138,0.3301,-0.1292],[0.8763,0.703,0.8255,-0.2207,0.7928,0.8634,0.0076,0.3215,0.4563,0.7425,0.6045,0.7472,0.7025,-0.4208,0.5482,1.0,0.8948,0.5408,0.6367,0.2105,0.8688,0.5372,0.1332,0.755,0.8722,0.6659,0.1505],[0.824,0.7647,0.7009,-0.2159,0.7401,0.6986,-0.0489,0.4208,0.3522,0.5578,0.3653,0.6499,0.5813,-0.514,0.4822,0.8948,1.0,0.7154,0.3866,0.1407,0.7377,0.3224,-0.0821,0.6945,0.7423,0.5815,0.1895],[0.4649,0.8041,0.6024,-0.4189,0.2602,0.343,-0.5574,0.0859,-0.2824,0.2678,-0.1131,0.6476,0.6783,-0.0695,0.706,0.5408,0.7154,1.0,-0.0156,-0.4554,0.4389,-0.2264,0.1381,0.6766,0.462,0.2239,-0.0696],[0.4557,0.1512,0.6126,0.2129,0.4768,0.6166,0.3346,0.2163,0.4783,0.5804,0.8242,0.4652,0.4961,-0.041,0.3115,0.6367,0.3866,-0.0156,1.0,0.3301,0.6016,0.7835,0.3954,0.4455,0.7048,0.4174,-0.0325],[0.2813,-0.2845,-0.1486,0.2702,0.3556,0.1428,0.8432,0.5028,0.8075,0.0567,0.5074,-0.2602,-0.3307,-0.5597,-0.5894,0.2105,0.1407,-0.4554,0.3301,1.0,0.0825,0.6419,-0.4933,-0.3041,0.0271,0.2447,0.3112],[0.8272,0.646,0.7095,-0.2044,0.8277,0.9005,-0.1051,0.1216,0.3552,0.8656,0.4828,0.6776,0.6246,-0.4351,0.5802,0.8688,0.7377,0.4389,0.6016,0.0825,1.0,0.44,0.1945,0.811,0.868,0.7383,0.3095],[0.4104,0.0072,0.4146,0.2608,0.4399,0.5023,0.662,0.4282,0.6989,0.4235,0.8075,0.2581,0.2201,-0.2239,-0.002,0.5372,0.3224,-0.2264,0.7835,0.6419,0.44,1.0,0.1097,0.2158,0.4774,0.3827,0.1072],[-0.1945,0.0178,0.5548,-0.1968,-0.1465,0.1857,-0.4596,-0.5012,-0.3172,0.3473,0.1944,0.481,0.6612,0.7361,0.6345,0.1332,-0.0821,0.1381,0.3954,-0.4933,0.1945,0.1097,1.0,0.3384,0.3509,-0.0693,-0.4388],[0.7203,0.8659,0.776,-0.2192,0.5048,0.7497,-0.3644,0.0318,-0.0636,0.6697,0.2868,0.8307,0.7457,-0.1744,0.8393,0.755,0.6945,0.6766,0.4455,-0.3041,0.811,0.2158,0.3384,1.0,0.7558,0.5546,0.1912],[0.6937,0.5671,0.8013,-0.1526,0.737,0.8484,-0.1151,0.0876,0.3538,0.8198,0.5255,0.7019,0.6993,-0.2099,0.6138,0.8722,0.7423,0.462,0.7048,0.0271,0.868,0.4774,0.3509,0.7558,1.0,0.599,0.1185],[0.7673,0.5505,0.4803,-0.0831,0.6809,0.7111,0.0016,0.0251,0.3225,0.6348,0.4254,0.5595,0.3644,-0.518,0.3301,0.6659,0.5815,0.2239,0.4174,0.2447,0.7383,0.3827,-0.0693,0.5546,0.599,1.0,0.4254],[0.4472,0.216,-0.0904,0.0513,0.3913,0.365,0.1356,0.1016,0.2342,0.278,-0.0018,-0.0324,-0.1824,-0.6206,-0.1292,0.1505,0.1895,-0.0696,-0.0325,0.3112,0.3095,0.1072,-0.4388,0.1912,0.1185,0.4254,1.0]]}