{"date":"2026-06-03","lookback_days":90,"assets":["BTC","ETH","SOL","XLM","REZ","RSR","NEAR","RENDER","ONDO","ACH","BNB","XRP","ADA","NIGHT","VTHO","LINK","NEO","GAS","SEI","PEAQ","AEVO","EIGEN","W","WOO","JASMY","D2X","SCP"],"matrix":[[1.0,0.7451,0.5172,-0.1403,0.8163,0.7945,0.1612,0.3758,0.4973,0.61,0.4127,0.5402,0.316,-0.7552,0.2708,0.8611,0.8034,0.3589,0.3684,0.3649,0.8128,0.4038,-0.3422,0.6759,0.648,0.7468,0.4855],[0.7451,1.0,0.5647,-0.2479,0.4541,0.5472,-0.3407,0.1646,-0.0917,0.3801,0.0097,0.7212,0.476,-0.4465,0.6318,0.6471,0.723,0.7458,0.0023,-0.2318,0.6071,-0.0407,-0.1623,0.8298,0.4857,0.5084,0.2584],[0.5172,0.5647,1.0,-0.2261,0.4457,0.6749,-0.2476,-0.0312,0.1326,0.6483,0.491,0.89,0.9104,0.0114,0.7604,0.7903,0.6118,0.4437,0.5638,-0.0921,0.6737,0.4296,0.4862,0.7235,0.7734,0.4243,-0.1207],[-0.1403,-0.2479,-0.2261,1.0,-0.1186,-0.0644,0.467,0.313,0.1421,-0.2322,0.3746,-0.2279,-0.3469,-0.0101,-0.2912,-0.1613,-0.1383,-0.3813,0.266,0.2548,-0.1479,0.2871,-0.1721,-0.1586,-0.092,-0.0417,0.0745],[0.8163,0.4541,0.4457,-0.1186,1.0,0.785,0.1996,0.3898,0.7003,0.7684,0.3754,0.3195,0.2868,-0.7044,0.1398,0.815,0.7691,0.2399,0.426,0.3868,0.8379,0.4272,-0.2259,0.501,0.7403,0.6731,0.4135],[0.7945,0.5472,0.6749,-0.0644,0.785,1.0,0.015,0.1571,0.4794,0.8083,0.511,0.6162,0.5354,-0.4414,0.4412,0.8533,0.6734,0.2465,0.5547,0.1966,0.8934,0.4924,0.0798,0.7245,0.8318,0.6886,0.3873],[0.1612,-0.3407,-0.2476,0.467,0.1996,0.015,1.0,0.6391,0.7494,-0.1102,0.5157,-0.4031,-0.4729,-0.3932,-0.6557,0.0938,0.053,-0.5388,0.3966,0.8367,-0.0371,0.6965,-0.4373,-0.3139,-0.043,0.0491,0.1625],[0.3758,0.1646,-0.0312,0.313,0.3898,0.1571,0.6391,1.0,0.594,-0.0676,0.2882,-0.1607,-0.2069,-0.5988,-0.3443,0.3337,0.4778,0.0882,0.1382,0.5055,0.1516,0.3959,-0.5892,0.0254,0.0844,0.0256,0.1781],[0.4973,-0.0917,0.1326,0.1421,0.7003,0.4794,0.7494,0.594,1.0,0.4126,0.5775,-0.1063,-0.0797,-0.5682,-0.3822,0.5514,0.4526,-0.2498,0.516,0.8031,0.4209,0.7182,-0.3109,-0.0107,0.4296,0.3638,0.2558],[0.61,0.3801,0.6483,-0.2322,0.7684,0.8083,-0.1102,-0.0676,0.4126,1.0,0.3858,0.5293,0.6165,-0.2502,0.4833,0.7214,0.5013,0.1773,0.5532,0.0833,0.8422,0.4121,0.3099,0.647,0.8083,0.6089,0.2587],[0.4127,0.0097,0.491,0.3746,0.3754,0.511,0.5157,0.2882,0.5775,0.3858,1.0,0.3576,0.2913,-0.1448,0.0791,0.5716,0.3007,-0.2852,0.8022,0.5544,0.4418,0.8108,0.1353,0.2185,0.4886,0.3876,-0.0056],[0.5402,0.7212,0.89,-0.2279,0.3195,0.6162,-0.4031,-0.1607,-0.1063,0.5293,0.3576,1.0,0.8458,-0.0144,0.8224,0.6931,0.5548,0.5119,0.3816,-0.2217,0.6383,0.2438,0.3912,0.7946,0.6493,0.5213,-0.0466],[0.316,0.476,0.9104,-0.3469,0.2868,0.5354,-0.4729,-0.2069,-0.0797,0.6165,0.2913,0.8458,1.0,0.2385,0.8297,0.6275,0.4279,0.5045,0.443,-0.3322,0.5781,0.2085,0.6645,0.6887,0.6603,0.2673,-0.2727],[-0.7552,-0.4465,0.0114,-0.0101,-0.7044,-0.4414,-0.3932,-0.5988,-0.5682,-0.2502,-0.1448,-0.0144,0.2385,1.0,0.2431,-0.488,-0.6192,-0.1457,0.0004,-0.551,-0.4894,-0.2182,0.7717,-0.2229,-0.2443,-0.5303,-0.6477],[0.2708,0.6318,0.7604,-0.2912,0.1398,0.4412,-0.6557,-0.3443,-0.3822,0.4833,0.0791,0.8224,0.8297,0.2431,1.0,0.4398,0.3384,0.6026,0.2194,-0.6066,0.5076,-0.0572,0.591,0.7986,0.5391,0.2467,-0.1709],[0.8611,0.6471,0.7903,-0.1613,0.815,0.8533,0.0938,0.3337,0.5514,0.7214,0.5716,0.6931,0.6275,-0.488,0.4398,1.0,0.8713,0.4299,0.5684,0.2917,0.8544,0.538,0.0028,0.7084,0.8496,0.6394,0.1684],[0.8034,0.723,0.6118,-0.1383,0.7691,0.6734,0.053,0.4778,0.4526,0.5013,0.3007,0.5548,0.4279,-0.6192,0.3384,0.8713,1.0,0.6437,0.2718,0.2285,0.7125,0.3059,-0.2609,0.6288,0.6923,0.5393,0.2336],[0.3589,0.7458,0.4437,-0.3813,0.2399,0.2465,-0.5388,0.0882,-0.2498,0.1773,-0.2852,0.5119,0.5045,-0.1457,0.6026,0.4299,0.6437,1.0,-0.2081,-0.4524,0.3513,-0.3319,-0.0227,0.5959,0.3491,0.1139,-0.0806],[0.3684,0.0023,0.5638,0.266,0.426,0.5547,0.3966,0.1382,0.516,0.5532,0.8022,0.3816,0.443,0.0004,0.2194,0.5684,0.2718,-0.2081,1.0,0.3615,0.5356,0.7814,0.374,0.3682,0.6643,0.3557,-0.0702],[0.3649,-0.2318,-0.0921,0.2548,0.3868,0.1966,0.8367,0.5055,0.8031,0.0833,0.5544,-0.2217,-0.3322,-0.551,-0.6066,0.2917,0.2285,-0.4524,0.3615,1.0,0.1377,0.6582,-0.4872,-0.2733,0.081,0.2919,0.3294],[0.8128,0.6071,0.6737,-0.1479,0.8379,0.8934,-0.0371,0.1516,0.4209,0.8422,0.4418,0.6383,0.5781,-0.4894,0.5076,0.8544,0.7125,0.3513,0.5356,0.1377,1.0,0.4292,0.0812,0.7885,0.8508,0.7147,0.3352],[0.4038,-0.0407,0.4296,0.2871,0.4272,0.4924,0.6965,0.3959,0.7182,0.4121,0.8108,0.2438,0.2085,-0.2182,-0.0572,0.538,0.3059,-0.3319,0.7814,0.6582,0.4292,1.0,0.0807,0.1928,0.4774,0.3655,0.1064],[-0.3422,-0.1623,0.4862,-0.1721,-0.2259,0.0798,-0.4373,-0.5892,-0.3109,0.3099,0.1353,0.3912,0.6645,0.7717,0.591,0.0028,-0.2609,-0.0227,0.374,-0.4872,0.0812,0.0807,1.0,0.2383,0.2658,-0.1532,-0.4952],[0.6759,0.8298,0.7235,-0.1586,0.501,0.7245,-0.3139,0.0254,-0.0107,0.647,0.2185,0.7946,0.6887,-0.2229,0.7986,0.7084,0.6288,0.5959,0.3682,-0.2733,0.7885,0.1928,0.2383,1.0,0.718,0.512,0.2024],[0.648,0.4857,0.7734,-0.092,0.7403,0.8318,-0.043,0.0844,0.4296,0.8083,0.4886,0.6493,0.6603,-0.2443,0.5391,0.8496,0.6923,0.3491,0.6643,0.081,0.8508,0.4774,0.2658,0.718,1.0,0.5618,0.1219],[0.7468,0.5084,0.4243,-0.0417,0.6731,0.6886,0.0491,0.0256,0.3638,0.6089,0.3876,0.5213,0.2673,-0.5303,0.2467,0.6394,0.5393,0.1139,0.3557,0.2919,0.7147,0.3655,-0.1532,0.512,0.5618,1.0,0.4298],[0.4855,0.2584,-0.1207,0.0745,0.4135,0.3873,0.1625,0.1781,0.2558,0.2587,-0.0056,-0.0466,-0.2727,-0.6477,-0.1709,0.1684,0.2336,-0.0806,-0.0702,0.3294,0.3352,0.1064,-0.4952,0.2024,0.1219,0.4298,1.0]]}