{"date":"2026-06-05","lookback_days":90,"assets":["BTC","ETH","SOL","XLM","REZ","RSR","NEAR","RENDER","ONDO","ACH","BNB","XRP","ADA","NIGHT","VTHO","LINK","NEO","GAS","SEI","PEAQ","AEVO","EIGEN","W","WOO","JASMY","D2X","SCP"],"matrix":[[1.0,0.7732,0.5993,-0.207,0.7974,0.8091,0.0637,0.3348,0.4106,0.6525,0.4598,0.6141,0.4617,-0.6816,0.3985,0.8753,0.8227,0.4636,0.4549,0.2832,0.8275,0.4122,-0.1941,0.7196,0.6935,0.7674,0.4496],[0.7732,1.0,0.6734,-0.3127,0.4427,0.5882,-0.4058,0.1191,-0.1545,0.4503,0.1142,0.7896,0.6337,-0.3267,0.7288,0.7042,0.7676,0.8045,0.151,-0.2831,0.6482,0.0106,0.0206,0.8673,0.5685,0.5509,0.2184],[0.5993,0.6734,1.0,-0.2834,0.4448,0.7023,-0.3119,0.0014,0.0441,0.6581,0.5299,0.9217,0.9332,0.059,0.8207,0.8266,0.7063,0.6061,0.6118,-0.147,0.7115,0.4172,0.5568,0.7791,0.8019,0.4808,-0.0867],[-0.207,-0.3127,-0.2834,1.0,-0.1522,-0.1192,0.4782,0.2912,0.1508,-0.2602,0.3158,-0.2862,-0.3724,0.0062,-0.3314,-0.2203,-0.2163,-0.4173,0.2138,0.2697,-0.2046,0.2598,-0.1968,-0.2193,-0.1525,-0.0828,0.0505],[0.7974,0.4427,0.4448,-0.1522,1.0,0.7789,0.1596,0.3597,0.6726,0.7915,0.3962,0.3333,0.3076,-0.6824,0.1917,0.791,0.7358,0.2596,0.4767,0.3562,0.8264,0.4402,-0.1458,0.5031,0.736,0.6806,0.3919],[0.8091,0.5882,0.7023,-0.1192,0.7789,1.0,-0.0505,0.1316,0.4168,0.8338,0.548,0.6514,0.5811,-0.3855,0.5159,0.8635,0.6992,0.3455,0.6169,0.1433,0.9007,0.5038,0.1878,0.7499,0.8488,0.7114,0.3663],[0.0637,-0.4058,-0.3119,0.4782,0.1596,-0.0505,1.0,0.6342,0.7499,-0.146,0.4445,-0.4434,-0.478,-0.3976,-0.6561,0.0056,-0.0527,-0.5572,0.3342,0.8428,-0.1068,0.6597,-0.4602,-0.3653,-0.1164,0.0009,0.1346],[0.3348,0.1191,0.0014,0.2912,0.3597,0.1316,0.6342,1.0,0.5905,-0.0344,0.3122,-0.1273,-0.1065,-0.5143,-0.275,0.3226,0.4205,0.0881,0.2171,0.5028,0.1231,0.4288,-0.4988,0.0345,0.0891,0.0261,0.1023],[0.4106,-0.1545,0.0441,0.1508,0.6726,0.4168,0.7499,0.5905,1.0,0.3776,0.5281,-0.1593,-0.1403,-0.5822,-0.3895,0.4527,0.3454,-0.2837,0.4776,0.8073,0.3523,0.6967,-0.3181,-0.0661,0.3514,0.3213,0.2334],[0.6525,0.4503,0.6581,-0.2602,0.7915,0.8338,-0.146,-0.0344,0.3776,1.0,0.4213,0.5623,0.6025,-0.2636,0.5232,0.7456,0.5619,0.2754,0.5824,0.0561,0.8669,0.4252,0.351,0.6728,0.8219,0.6365,0.2787],[0.4598,0.1142,0.5299,0.3158,0.3962,0.548,0.4445,0.3122,0.5281,0.4213,1.0,0.4208,0.3703,-0.1266,0.1822,0.6073,0.3707,-0.1046,0.825,0.5062,0.4856,0.8078,0.1979,0.2923,0.5281,0.4271,-0.0],[0.6141,0.7896,0.9217,-0.2862,0.3333,0.6514,-0.4434,-0.1273,-0.1593,0.5623,0.4208,1.0,0.8929,0.0462,0.8684,0.7491,0.6563,0.6519,0.4653,-0.2578,0.6797,0.2616,0.4835,0.833,0.7031,0.5594,-0.0288],[0.4617,0.6337,0.9332,-0.3724,0.3076,0.5811,-0.478,-0.1065,-0.1403,0.6025,0.3703,0.8929,1.0,0.2291,0.8613,0.704,0.5908,0.6827,0.4944,-0.3257,0.6263,0.2243,0.6604,0.7492,0.699,0.3654,-0.1755],[-0.6816,-0.3267,0.059,0.0062,-0.6824,-0.3855,-0.3976,-0.5143,-0.5822,-0.2636,-0.1266,0.0462,0.2291,1.0,0.2519,-0.4096,-0.4974,-0.0576,-0.0358,-0.5594,-0.4259,-0.2196,0.7392,-0.1629,-0.2016,-0.5116,-0.6176],[0.3985,0.7288,0.8207,-0.3314,0.1917,0.5159,-0.6561,-0.275,-0.3895,0.5232,0.1822,0.8684,0.8613,0.2519,1.0,0.5508,0.4891,0.708,0.3118,-0.5869,0.583,0.0022,0.636,0.8413,0.6155,0.3311,-0.1259],[0.8753,0.7042,0.8266,-0.2203,0.791,0.8635,0.0056,0.3226,0.4527,0.7456,0.6073,0.7491,0.704,-0.4096,0.5508,1.0,0.8961,0.544,0.6365,0.2107,0.8697,0.5391,0.1369,0.7572,0.8727,0.666,0.1526],[0.8227,0.7676,0.7063,-0.2163,0.7358,0.6992,-0.0527,0.4205,0.3454,0.5619,0.3707,0.6563,0.5908,-0.4974,0.4891,0.8961,1.0,0.7208,0.3887,0.1391,0.7393,0.3251,-0.073,0.6991,0.744,0.582,0.1908],[0.4636,0.8045,0.6061,-0.4173,0.2596,0.3455,-0.5572,0.0881,-0.2837,0.2754,-0.1046,0.6519,0.6827,-0.0576,0.708,0.544,0.7208,1.0,-0.0139,-0.4524,0.4429,-0.2202,0.1426,0.6808,0.4648,0.2256,-0.0659],[0.4549,0.151,0.6118,0.2138,0.4767,0.6169,0.3342,0.2171,0.4776,0.5824,0.825,0.4653,0.4944,-0.0358,0.3118,0.6365,0.3887,-0.0139,1.0,0.3313,0.6022,0.7848,0.3961,0.4465,0.7048,0.4174,-0.0309],[0.2832,-0.2831,-0.147,0.2697,0.3562,0.1433,0.8428,0.5028,0.8073,0.0561,0.5062,-0.2578,-0.3257,-0.5594,-0.5869,0.2107,0.1391,-0.4524,0.3313,1.0,0.0826,0.6413,-0.4922,-0.3021,0.0277,0.2454,0.3109],[0.8275,0.6482,0.7115,-0.2046,0.8264,0.9007,-0.1068,0.1231,0.3523,0.8669,0.4856,0.6797,0.6263,-0.4259,0.583,0.8697,0.7393,0.4429,0.6022,0.0826,1.0,0.4418,0.1977,0.8119,0.8687,0.7387,0.3106],[0.4122,0.0106,0.4172,0.2598,0.4402,0.5038,0.6597,0.4288,0.6967,0.4252,0.8078,0.2616,0.2243,-0.2196,0.0022,0.5391,0.3251,-0.2202,0.7848,0.6413,0.4418,1.0,0.1122,0.2192,0.4793,0.3842,0.108],[-0.1941,0.0206,0.5568,-0.1968,-0.1458,0.1878,-0.4602,-0.4988,-0.3181,0.351,0.1979,0.4835,0.6604,0.7392,0.636,0.1369,-0.073,0.1426,0.3961,-0.4922,0.1977,0.1122,1.0,0.3423,0.3531,-0.0674,-0.4362],[0.7196,0.8673,0.7791,-0.2193,0.5031,0.7499,-0.3653,0.0345,-0.0661,0.6728,0.2923,0.833,0.7492,-0.1629,0.8413,0.7572,0.6991,0.6808,0.4465,-0.3021,0.8119,0.2192,0.3423,1.0,0.7571,0.5552,0.1928],[0.6935,0.5685,0.8019,-0.1525,0.736,0.8488,-0.1164,0.0891,0.3514,0.8219,0.5281,0.7031,0.699,-0.2016,0.6155,0.8727,0.744,0.4648,0.7048,0.0277,0.8687,0.4793,0.3531,0.7571,1.0,0.5994,0.1204],[0.7674,0.5509,0.4808,-0.0828,0.6806,0.7114,0.0009,0.0261,0.3213,0.6365,0.4271,0.5594,0.3654,-0.5116,0.3311,0.666,0.582,0.2256,0.4174,0.2454,0.7387,0.3842,-0.0674,0.5552,0.5994,1.0,0.4267],[0.4496,0.2184,-0.0867,0.0505,0.3919,0.3663,0.1346,0.1023,0.2334,0.2787,-0.0,-0.0288,-0.1755,-0.6176,-0.1259,0.1526,0.1908,-0.0659,-0.0309,0.3109,0.3106,0.108,-0.4362,0.1928,0.1204,0.4267,1.0]]}