{"date":"2026-06-05","lookback_days":90,"assets":["BTC","ETH","SOL","XLM","REZ","RSR","NEAR","RENDER","ONDO","ACH","BNB","XRP","ADA","NIGHT","VTHO","LINK","NEO","GAS","SEI","PEAQ","AEVO","EIGEN","W","WOO","JASMY","D2X","SCP"],"matrix":[[1.0,0.7747,0.6017,-0.2076,0.7958,0.8083,0.0604,0.3321,0.406,0.6509,0.455,0.6165,0.4652,-0.6826,0.4001,0.8768,0.8244,0.4667,0.4565,0.2795,0.8277,0.4093,-0.196,0.721,0.6939,0.7673,0.4464],[0.7747,1.0,0.6719,-0.3128,0.4417,0.5857,-0.4082,0.1152,-0.1577,0.4466,0.1031,0.7889,0.6329,-0.3311,0.728,0.7024,0.7651,0.8044,0.1523,-0.2862,0.6475,0.0057,0.0153,0.867,0.5667,0.5505,0.2152],[0.6017,0.6719,1.0,-0.2836,0.4453,0.7008,-0.3147,-0.0048,0.0421,0.6557,0.52,0.9205,0.9327,0.0529,0.819,0.8248,0.7013,0.6031,0.6136,-0.1506,0.7116,0.4134,0.5526,0.7781,0.8012,0.4802,-0.0915],[-0.2076,-0.3128,-0.2836,1.0,-0.1518,-0.1182,0.4786,0.2927,0.1518,-0.2593,0.3215,-0.2863,-0.3745,0.0074,-0.3316,-0.2197,-0.2153,-0.4173,0.213,0.2706,-0.2044,0.2617,-0.1958,-0.2192,-0.1519,-0.0826,0.0516],[0.7958,0.4417,0.4453,-0.1518,1.0,0.7792,0.1592,0.3588,0.6716,0.7918,0.3951,0.3329,0.3077,-0.6849,0.1903,0.7926,0.7386,0.2583,0.476,0.3555,0.8263,0.4394,-0.1485,0.5025,0.7363,0.6803,0.3912],[0.8083,0.5857,0.7008,-0.1182,0.7792,1.0,-0.0508,0.1287,0.4164,0.8329,0.5435,0.6495,0.579,-0.3905,0.5128,0.8629,0.6976,0.3417,0.6163,0.1423,0.9002,0.5016,0.1832,0.7482,0.8479,0.7108,0.365],[0.0604,-0.4082,-0.3147,0.4786,0.1592,-0.0508,1.0,0.635,0.7504,-0.1458,0.4497,-0.4471,-0.4846,-0.3971,-0.6594,0.005,-0.0524,-0.5597,0.3312,0.8431,-0.1082,0.661,-0.4609,-0.3674,-0.1175,-0.0004,0.1355],[0.3321,0.1152,-0.0048,0.2927,0.3588,0.1287,0.635,1.0,0.5908,-0.0377,0.3098,-0.1347,-0.1161,-0.5176,-0.2813,0.3195,0.4185,0.0833,0.2149,0.503,0.1202,0.4275,-0.5045,0.0304,0.0855,0.0237,0.1015],[0.406,-0.1577,0.0421,0.1518,0.6716,0.4164,0.7504,0.5908,1.0,0.3777,0.5322,-0.1626,-0.1448,-0.5825,-0.3934,0.4527,0.3469,-0.2875,0.4742,0.8076,0.3502,0.6974,-0.3196,-0.069,0.3501,0.3195,0.2339],[0.6509,0.4466,0.6557,-0.2593,0.7918,0.8329,-0.1458,-0.0377,0.3777,1.0,0.4164,0.559,0.6002,-0.2681,0.5195,0.7438,0.5589,0.2704,0.5811,0.0555,0.8658,0.423,0.3473,0.6701,0.8206,0.6352,0.2775],[0.455,0.1031,0.52,0.3215,0.3951,0.5435,0.4497,0.3098,0.5322,0.4164,1.0,0.4095,0.3554,-0.1334,0.1697,0.6003,0.3605,-0.1191,0.8228,0.5095,0.4802,0.808,0.1898,0.2826,0.5219,0.423,-0.0024],[0.6165,0.7889,0.9205,-0.2863,0.3329,0.6495,-0.4471,-0.1347,-0.1626,0.559,0.4095,1.0,0.8913,0.0399,0.8671,0.7463,0.6504,0.6488,0.466,-0.2622,0.6795,0.2564,0.4785,0.8326,0.7015,0.5594,-0.0332],[0.4652,0.6329,0.9327,-0.3745,0.3077,0.579,-0.4846,-0.1161,-0.1448,0.6002,0.3554,0.8913,1.0,0.2238,0.8613,0.7008,0.5823,0.6812,0.4972,-0.333,0.6272,0.2178,0.658,0.7495,0.6984,0.3643,-0.1832],[-0.6826,-0.3311,0.0529,0.0074,-0.6849,-0.3905,-0.3971,-0.5176,-0.5825,-0.2681,-0.1334,0.0399,0.2238,1.0,0.2479,-0.4173,-0.5084,-0.0622,-0.0377,-0.5601,-0.4299,-0.2229,0.7384,-0.1676,-0.2064,-0.5148,-0.6197],[0.4001,0.728,0.819,-0.3316,0.1903,0.5128,-0.6594,-0.2813,-0.3934,0.5195,0.1697,0.8671,0.8613,0.2479,1.0,0.5468,0.4825,0.7065,0.3121,-0.5915,0.5819,-0.0039,0.6326,0.8407,0.6132,0.3298,-0.1301],[0.8768,0.7024,0.8248,-0.2197,0.7926,0.8629,0.005,0.3195,0.4527,0.7438,0.6003,0.7463,0.7008,-0.4173,0.5468,1.0,0.8948,0.5405,0.6371,0.2095,0.8699,0.5364,0.1299,0.7557,0.872,0.6659,0.1501],[0.8244,0.7651,0.7013,-0.2153,0.7386,0.6976,-0.0524,0.4185,0.3469,0.5589,0.3605,0.6504,0.5823,-0.5084,0.4825,0.8948,1.0,0.7161,0.3876,0.1387,0.7387,0.3211,-0.0841,0.6961,0.7421,0.5815,0.1888],[0.4667,0.8044,0.6031,-0.4173,0.2583,0.3417,-0.5597,0.0833,-0.2875,0.2704,-0.1191,0.6488,0.6812,-0.0622,0.7065,0.5405,0.7161,1.0,-0.0116,-0.4558,0.4419,-0.2261,0.1369,0.68,0.4623,0.225,-0.0698],[0.4565,0.1523,0.6136,0.213,0.476,0.6163,0.3312,0.2149,0.4742,0.5811,0.8228,0.466,0.4972,-0.0377,0.3121,0.6371,0.3876,-0.0116,1.0,0.3285,0.6024,0.7826,0.3946,0.4472,0.7051,0.4176,-0.0329],[0.2795,-0.2862,-0.1506,0.2706,0.3555,0.1423,0.8431,0.503,0.8076,0.0555,0.5095,-0.2622,-0.333,-0.5601,-0.5915,0.2095,0.1387,-0.4558,0.3285,1.0,0.0807,0.6418,-0.4946,-0.3051,0.0258,0.2437,0.3112],[0.8277,0.6475,0.7116,-0.2044,0.8263,0.9002,-0.1082,0.1202,0.3502,0.8658,0.4802,0.6795,0.6272,-0.4299,0.5819,0.8699,0.7387,0.4419,0.6024,0.0807,1.0,0.4391,0.1941,0.8116,0.8685,0.7384,0.3086],[0.4093,0.0057,0.4134,0.2617,0.4394,0.5016,0.661,0.4275,0.6974,0.423,0.808,0.2564,0.2178,-0.2229,-0.0039,0.5364,0.3211,-0.2261,0.7826,0.6418,0.4391,1.0,0.1082,0.2148,0.4765,0.3819,0.107],[-0.196,0.0153,0.5526,-0.1958,-0.1485,0.1832,-0.4609,-0.5045,-0.3196,0.3473,0.1898,0.4785,0.658,0.7384,0.6326,0.1299,-0.0841,0.1369,0.3946,-0.4946,0.1941,0.1082,1.0,0.3379,0.3491,-0.0711,-0.44],[0.721,0.867,0.7781,-0.2192,0.5025,0.7482,-0.3674,0.0304,-0.069,0.6701,0.2826,0.8326,0.7495,-0.1676,0.8407,0.7557,0.6961,0.68,0.4472,-0.3051,0.8116,0.2148,0.3379,1.0,0.7559,0.5548,0.1899],[0.6939,0.5667,0.8012,-0.1519,0.7363,0.8479,-0.1175,0.0855,0.3501,0.8206,0.5219,0.7015,0.6984,-0.2064,0.6132,0.872,0.7421,0.4623,0.7051,0.0258,0.8685,0.4765,0.3491,0.7559,1.0,0.5989,0.118],[0.7673,0.5505,0.4802,-0.0826,0.6803,0.7108,-0.0004,0.0237,0.3195,0.6352,0.423,0.5594,0.3643,-0.5148,0.3298,0.6659,0.5815,0.225,0.4176,0.2437,0.7384,0.3819,-0.0711,0.5548,0.5989,1.0,0.4251],[0.4464,0.2152,-0.0915,0.0516,0.3912,0.365,0.1355,0.1015,0.2339,0.2775,-0.0024,-0.0332,-0.1832,-0.6197,-0.1301,0.1501,0.1888,-0.0698,-0.0329,0.3112,0.3086,0.107,-0.44,0.1899,0.118,0.4251,1.0]]}