{"date":"2026-06-03","lookback_days":90,"assets":["BTC","ETH","SOL","XLM","REZ","RSR","NEAR","RENDER","ONDO","ACH","BNB","XRP","ADA","NIGHT","VTHO","LINK","NEO","GAS","SEI","PEAQ","AEVO","EIGEN","W","WOO","JASMY","D2X","SCP"],"matrix":[[1.0,0.7392,0.5031,-0.1346,0.8196,0.7909,0.1705,0.3693,0.5064,0.6048,0.4025,0.5273,0.2925,-0.7629,0.2542,0.8577,0.7991,0.3427,0.3515,0.3717,0.8132,0.4018,-0.357,0.6694,0.6437,0.7453,0.4943],[0.7392,1.0,0.5421,-0.2427,0.4559,0.5376,-0.328,0.1582,-0.0844,0.3684,-0.0103,0.7081,0.448,-0.4562,0.619,0.6322,0.7145,0.7361,-0.0253,-0.2308,0.606,-0.048,-0.1817,0.8259,0.4779,0.5052,0.2693],[0.5031,0.5421,1.0,-0.2183,0.4511,0.6716,-0.2297,-0.0374,0.1503,0.6465,0.4827,0.883,0.9039,0.0106,0.751,0.781,0.5989,0.4177,0.5475,-0.0871,0.6786,0.436,0.4844,0.7171,0.7774,0.419,-0.1178],[-0.1346,-0.2427,-0.2183,1.0,-0.1145,-0.0532,0.4852,0.3379,0.1584,-0.2238,0.3871,-0.2272,-0.344,-0.0132,-0.2979,-0.1466,-0.1274,-0.3832,0.2947,0.2604,-0.1433,0.3038,-0.1632,-0.1492,-0.0881,-0.0496,0.0717],[0.8196,0.4559,0.4511,-0.1145,1.0,0.7862,0.1998,0.3832,0.6994,0.7692,0.3726,0.3186,0.2871,-0.7052,0.1345,0.8229,0.7731,0.2362,0.4197,0.3877,0.8384,0.4243,-0.2298,0.5012,0.7404,0.6732,0.4148],[0.7909,0.5376,0.6716,-0.0532,0.7862,1.0,0.0298,0.1575,0.489,0.8057,0.5052,0.6076,0.5263,-0.4454,0.4265,0.8525,0.6678,0.2285,0.5448,0.2024,0.8927,0.4929,0.0722,0.7198,0.8293,0.6847,0.3929],[0.1705,-0.328,-0.2297,0.4852,0.1998,0.0298,1.0,0.6558,0.7515,-0.0998,0.5324,-0.3964,-0.4615,-0.3908,-0.6561,0.1168,0.0686,-0.5353,0.4293,0.8312,-0.0332,0.7048,-0.4223,-0.2996,-0.0366,0.0454,0.1563],[0.3693,0.1582,-0.0374,0.3379,0.3832,0.1575,0.6558,1.0,0.6025,-0.0694,0.2978,-0.1758,-0.219,-0.5938,-0.3628,0.336,0.4748,0.0725,0.16,0.508,0.1444,0.4054,-0.5813,0.0215,0.0789,0.0159,0.1745],[0.5064,-0.0844,0.1503,0.1584,0.6994,0.489,0.7515,0.6025,1.0,0.4184,0.5906,-0.1022,-0.0692,-0.5681,-0.3868,0.5725,0.4655,-0.2507,0.5352,0.8032,0.4221,0.7237,-0.3053,-0.0034,0.433,0.3634,0.2521],[0.6048,0.3684,0.6465,-0.2238,0.7692,0.8057,-0.0998,-0.0694,0.4184,1.0,0.3792,0.5208,0.6139,-0.2525,0.4724,0.7182,0.4934,0.1608,0.5411,0.087,0.8412,0.4095,0.3042,0.6418,0.806,0.607,0.2628],[0.4025,-0.0103,0.4827,0.3871,0.3726,0.5052,0.5324,0.2978,0.5906,0.3792,1.0,0.3405,0.2747,-0.147,0.0566,0.5667,0.2919,-0.3112,0.8017,0.5628,0.4371,0.8156,0.1289,0.2089,0.4796,0.377,-0.0035],[0.5273,0.7081,0.883,-0.2272,0.3186,0.6076,-0.3964,-0.1758,-0.1022,0.5208,0.3405,1.0,0.8367,-0.015,0.8176,0.6771,0.5382,0.4931,0.353,-0.2232,0.6383,0.2376,0.3842,0.7885,0.6466,0.5204,-0.0416],[0.2925,0.448,0.9039,-0.344,0.2871,0.5263,-0.4615,-0.219,-0.0692,0.6139,0.2747,0.8367,1.0,0.2462,0.825,0.6089,0.4057,0.4817,0.4211,-0.3362,0.5802,0.2075,0.67,0.681,0.6609,0.2563,-0.2752],[-0.7629,-0.4562,0.0106,-0.0132,-0.7052,-0.4454,-0.3908,-0.5938,-0.5681,-0.2525,-0.147,-0.015,0.2462,1.0,0.2462,-0.4984,-0.6282,-0.1476,-0.0037,-0.5515,-0.4921,-0.2201,0.7728,-0.2268,-0.2456,-0.5304,-0.6477],[0.2542,0.619,0.751,-0.2979,0.1345,0.4265,-0.6561,-0.3628,-0.3868,0.4724,0.0566,0.8176,0.825,0.2462,1.0,0.4173,0.3183,0.5928,0.1851,-0.6122,0.5011,-0.0726,0.5842,0.7894,0.5315,0.2427,-0.1679],[0.8577,0.6322,0.781,-0.1466,0.8229,0.8525,0.1168,0.336,0.5725,0.7182,0.5667,0.6771,0.6089,-0.4984,0.4173,1.0,0.8678,0.4065,0.5571,0.3044,0.8573,0.5439,-0.0114,0.7004,0.8493,0.6363,0.1763],[0.7991,0.7145,0.5989,-0.1274,0.7731,0.6678,0.0686,0.4748,0.4655,0.4934,0.2919,0.5382,0.4057,-0.6282,0.3183,0.8678,1.0,0.6311,0.2565,0.2367,0.7107,0.3052,-0.2771,0.6196,0.6881,0.536,0.2404],[0.3427,0.7361,0.4177,-0.3832,0.2362,0.2285,-0.5353,0.0725,-0.2507,0.1608,-0.3112,0.4931,0.4817,-0.1476,0.5928,0.4065,0.6311,1.0,-0.2428,-0.4571,0.343,-0.3476,-0.038,0.5831,0.3384,0.1061,-0.0769],[0.3515,-0.0253,0.5475,0.2947,0.4197,0.5448,0.4293,0.16,0.5352,0.5411,0.8017,0.353,0.4211,-0.0037,0.1851,0.5571,0.2565,-0.2428,1.0,0.3728,0.5232,0.7878,0.3653,0.3526,0.6494,0.3385,-0.0678],[0.3717,-0.2308,-0.0871,0.2604,0.3877,0.2024,0.8312,0.508,0.8032,0.087,0.5628,-0.2232,-0.3362,-0.5515,-0.6122,0.3044,0.2367,-0.4571,0.3728,1.0,0.1393,0.6611,-0.4852,-0.2715,0.0831,0.2929,0.3276],[0.8132,0.606,0.6786,-0.1433,0.8384,0.8927,-0.0332,0.1444,0.4221,0.8412,0.4371,0.6383,0.5802,-0.4921,0.5011,0.8573,0.7107,0.343,0.5232,0.1393,1.0,0.4236,0.0745,0.7875,0.8499,0.7174,0.3382],[0.4018,-0.048,0.436,0.3038,0.4243,0.4929,0.7048,0.4054,0.7237,0.4095,0.8156,0.2376,0.2075,-0.2201,-0.0726,0.5439,0.3052,-0.3476,0.7878,0.6611,0.4236,1.0,0.0795,0.1895,0.4732,0.3601,0.1052],[-0.357,-0.1817,0.4844,-0.1632,-0.2298,0.0722,-0.4223,-0.5813,-0.3053,0.3042,0.1289,0.3842,0.67,0.7728,0.5842,-0.0114,-0.2771,-0.038,0.3653,-0.4852,0.0745,0.0795,1.0,0.2296,0.2604,-0.1607,-0.4948],[0.6694,0.8259,0.7171,-0.1492,0.5012,0.7198,-0.2996,0.0215,-0.0034,0.6418,0.2089,0.7885,0.681,-0.2268,0.7894,0.7004,0.6196,0.5831,0.3526,-0.2715,0.7875,0.1895,0.2296,1.0,0.7143,0.5098,0.2084],[0.6437,0.4779,0.7774,-0.0881,0.7404,0.8293,-0.0366,0.0789,0.433,0.806,0.4796,0.6466,0.6609,-0.2456,0.5315,0.8493,0.6881,0.3384,0.6494,0.0831,0.8499,0.4732,0.2604,0.7143,1.0,0.5588,0.1252],[0.7453,0.5052,0.419,-0.0496,0.6732,0.6847,0.0454,0.0159,0.3634,0.607,0.377,0.5204,0.2563,-0.5304,0.2427,0.6363,0.536,0.1061,0.3385,0.2929,0.7174,0.3601,-0.1607,0.5098,0.5588,1.0,0.4342],[0.4943,0.2693,-0.1178,0.0717,0.4148,0.3929,0.1563,0.1745,0.2521,0.2628,-0.0035,-0.0416,-0.2752,-0.6477,-0.1679,0.1763,0.2404,-0.0769,-0.0678,0.3276,0.3382,0.1052,-0.4948,0.2084,0.1252,0.4342,1.0]]}